1000 0.0001697
2000 0.0002845
3000 0.0004556
4000 0.0005026
5000 0.0008535
6000 0.000702
7000 0.0007537
8000 0.0008511
9000 0.0010048
10000 0.0013988
11000 0.0013769
12000 0.0013005
13000 0.0012759
14000 0.0018642
15000 0.0015935
16000 0.001718
17000 0.0017532
18000 0.0019081
19000 0.0021263
20000 0.001986
21000 0.0021671
22000 0.0024171
23000 0.0024708
24000 0.0027126
25000 0.0027872
26000 0.0029145
27000 0.0027969
28000 0.0030549
29000 0.0040842
30000 0.0033242
31000 0.0033484
32000 0.0039347
33000 0.0037522
34000 0.0036082
35000 0.0038217
36000 0.0037836
37000 0.0038132
38000 0.0039121
39000 0.0045825
40000 0.0047106
41000 0.0045755
42000 0.0049169
43000 0.0049241
44000 0.0048187
45000 0.0047108
46000 0.0052089
47000 0.0054411
48000 0.0054349
49000 0.0054557
50000 0.0056068
51000 0.005649
52000 0.0061134
53000 0.0061593
54000 0.0061739
55000 0.0061763
56000 0.0061271
57000 0.006197
58000 0.0062957
59000 0.0065484
60000 0.0069318
61000 0.0069333
62000 0.0069018
63000 0.006993
64000 0.0068752
65000 0.0081324
66000 0.0072479
67000 0.007798
68000 0.0077831
69000 0.008549
70000 0.0079752
71000 0.0078401
72000 0.0082079
73000 0.0091574
74000 0.0082656
75000 0.0084484
76000 0.008712
77000 0.0090361
78000 0.009131
79000 0.0089415
80000 0.009226
81000 0.0086519
82000 0.0097437
83000 0.0099241
84000 0.0093296
85000 0.0097385
86000 0.0104008
87000 0.012039
88000 0.0101863
89000 0.0102965
90000 0.0102461
91000 0.0098091
92000 0.0107056
93000 0.0118156
94000 0.0106935
95000 0.0109167
96000 0.0110229
97000 0.0112068
98000 0.0112432
99000 0.0119447
100000 0.0115146
101000 0.0120195
102000 0.011994
103000 0.0124304
104000 0.0119724
105000 0.0123871
106000 0.0125897
107000 0.0123097
108000 0.0131473
109000 0.0126972
110000 0.0129773
111000 0.0126874
112000 0.0136351
113000 0.0135795
114000 0.0130294
115000 0.0132445
116000 0.0134359
117000 0.0136595
118000 0.01332
119000 0.0135892
120000 0.0135265
121000 0.0138437
122000 0.0141673
123000 0.0144087
124000 0.015027
125000 0.0148273
126000 0.0173405
127000 0.0155996
128000 0.0150075
129000 0.0149061
130000 0.0153558
131000 0.0160888
132000 0.015726
133000 0.0167516
134000 0.0156735
135000 0.0159722
136000 0.0167002
137000 0.0158604
138000 0.0162442
139000 0.0169714
140000 0.0170208
141000 0.017055
142000 0.0165771
143000 0.0175672
144000 0.0175173
145000 0.0167811
146000 0.0177762
147000 0.0171312
148000 0.0180448
149000 0.0184685
150000 0.0179491
151000 0.0175437
152000 0.0187832
153000 0.0189873
154000 0.0176332
155000 0.0199628
156000 0.0190277
157000 0.0186164
158000 0.019495
159000 0.0193965
160000 0.0193748
161000 0.019638
162000 0.0197441
163000 0.019432
164000 0.019722
165000 0.0195601
166000 0.0204241
167000 0.0204938
168000 0.0211807
169000 0.0216601
170000 0.0210754
171000 0.0206589
172000 0.0219709
173000 0.0214546
174000 0.0214038
175000 0.0222609
176000 0.0219349
177000 0.021316
178000 0.0217827
179000 0.0220125
180000 0.0223319
181000 0.0221607
182000 0.0212936
183000 0.0220387
184000 0.0222264
185000 0.0228641
186000 0.0229753
187000 0.0233957
188000 0.0232072
189000 0.0230144
190000 0.0224269
191000 0.0223381
192000 0.0238746
193000 0.0233483
194000 0.0231325
195000 0.0236822
196000 0.0253533
197000 0.0250706
198000 0.0241728
199000 0.0249353
200000 0.0250578