1000 0.0007359
2000 0.0018735
3000 0.0041711
4000 0.0071231
5000 0.0107655
6000 0.015473
7000 0.022091
8000 0.0275262
9000 0.0334828
10000 0.0423003
11000 0.0496638
12000 0.0592523
13000 0.0752583
14000 0.080383
15000 0.0960146
16000 0.106876
17000 0.123571
18000 0.133781
19000 0.155105
20000 0.177579
21000 0.183962
22000 0.202855
23000 0.223769
24000 0.240969
25000 0.264595
26000 0.290159
27000 0.305248
28000 0.326193
29000 0.369151
30000 0.376281
31000 0.413689
32000 0.439246
33000 0.457075
34000 0.486779
35000 0.518607
36000 0.562132
37000 0.581987
38000 0.602904
39000 0.655089
40000 0.690338
41000 0.708201
42000 0.764015
43000 0.800584
44000 0.831345
45000 0.857581
46000 0.892668
47000 0.930722
48000 0.969919
49000 1.00444
50000 1.0334
51000 1.09799
52000 1.16766
53000 1.16953
54000 1.22948
55000 1.26752
56000 1.33033
57000 1.35534
58000 1.42984
59000 1.51174
60000 1.53449
61000 1.57281
62000 1.61595
63000 1.66283
64000 1.73552
65000 1.77942
66000 1.84548
67000 1.89216
68000 1.96355
69000 2.01376
70000 2.07126
71000 2.1397
72000 2.20958
73000 2.26743
74000 2.33762
75000 2.40836
76000 2.47306
77000 2.56479
78000 2.59361
79000 2.77183
80000 2.87279
81000 2.92813
82000 2.9718
83000 2.93625
84000 3.01464
85000 3.0045
86000 3.03254
87000 3.09144
88000 3.17538
89000 3.24514
90000 3.32078
91000 3.3985
92000 3.47494
93000 3.55144
94000 3.62903
95000 3.7004
96000 3.77731
97000 3.84472
98000 3.94328
99000 4.03411
100000 4.10348
101000 4.20541
102000 4.27491
103000 4.33944
104000 4.454
105000 4.52213
106000 4.60391
107000 4.72966
108000 4.78858
109000 4.86939
110000 4.98873
111000 5.0367
112000 5.1774
113000 5.2398
114000 5.32563
115000 5.4078
116000 5.52771
117000 5.61598
118000 5.70917
119000 5.81659
120000 5.98481
121000 6.01546
122000 6.1167
123000 6.20356
124000 6.37513
125000 6.43464
126000 6.51895
127000 6.58417
128000 6.68021
129000 6.79067
130000 6.89506
131000 6.97825
132000 7.1104
133000 7.27584
134000 7.31622
135000 7.44719
136000 7.53672
137000 7.65827
138000 7.72717
139000 7.96523
140000 7.98879
141000 8.1213
142000 8.23637
143000 8.51128
144000 8.4774
145000 8.56464
146000 8.66843
147000 8.90756
148000 9.45329
149000 9.61
150000 9.93217
151000 10.1
152000 10.2484
153000 10.3471
154000 9.87444
155000 9.75495
156000 9.88387
157000 10.0291
158000 10.1944
159000 10.2804
160000 10.45
161000 10.5798
162000 10.7234
163000 10.8244
164000 10.981
165000 11.1348
166000 11.2442
167000 11.3945
168000 11.5002
169000 11.6766
170000 11.7977
171000 11.8847
172000 11.9912
173000 12.1217
174000 12.3144
175000 12.4705
176000 13.924
177000 14.1371
178000 14.0996
179000 13.938
180000 14.3798
181000 14.3129
182000 13.6851
183000 13.6849
184000 13.8337
185000 14.0035
186000 14.0417
187000 14.1445
188000 14.5606
189000 14.6463
190000 14.7659
191000 15.0551
192000 15.0621
193000 15.236
194000 15.4452
195000 15.5145
196000 15.9887
197000 16.0954
198000 16.1093
199000 16.2547
200000 16.3837