1000    0.0002131
2000    0.0003011
3000    0.0003799
4000    0.0005331
5000    0.0006289
6000    0.0007165
7000    0.0008633
8000    0.0008993
9000    0.0011059
10000   0.0011334
11000   0.0012669
12000   0.0013648
13000   0.0015069
14000   0.0016579
15000   0.0017091
16000   0.0018888
17000   0.0021646
18000   0.0022156
19000   0.0021479
20000   0.0022304
21000   0.0024235
22000   0.0026223
23000   0.0026377
24000   0.0028649
25000   0.0030369
26000   0.0031512
27000   0.0031426
28000   0.003296
29000   0.0033482
30000   0.0034708
31000   0.0037613
32000   0.003775
33000   0.0038962
34000   0.0040411
35000   0.0041167
36000   0.0043815
37000   0.0044739
38000   0.0045352
39000   0.0046603
40000   0.0050438
41000   0.0050709
42000   0.0051488
43000   0.0054653
44000   0.0052625
45000   0.0059058
46000   0.0058508
47000   0.0058861
48000   0.006544
49000   0.0061028
50000   0.0070073
51000   0.0066559
52000   0.006406
53000   0.0066401
54000   0.0067133
55000   0.0115472
56000   0.0069418
57000   0.0072719
58000   0.0077008
59000   0.0074926
60000   0.0079467
61000   0.008157
62000   0.0118788
63000   0.0204326
64000   0.0087589
65000   0.0157428
66000   0.0084882
67000   0.00845
68000   0.0124364
69000   0.0085618
70000   0.0090091
71000   0.0089278
72000   0.0094571
73000   0.0099656
74000   0.0097289
75000   0.0099545
76000   0.0097146
77000   0.0097089
78000   0.0100626
79000   0.0102106
80000   0.0108409
81000   0.0103436
82000   0.0111554
83000   0.0108689
84000   0.010703
85000   0.0112142
86000   0.0109473
87000   0.0108369
88000   0.0110651
89000   0.0116926
90000   0.0126039
91000   0.0120917
92000   0.0118122
93000   0.012772
94000   0.012126
95000   0.0127826
96000   0.0126242
97000   0.0126376
98000   0.0124671
99000   0.013472
100000  0.0130937
101000  0.0140186
102000  0.0140913
103000  0.0136724
104000  0.0133578
105000  0.0139685
106000  0.0139877
107000  0.0136383
108000  0.0138654
109000  0.0142197
110000  0.0142904
111000  0.0160348
112000  0.015498
113000  0.0151464
114000  0.0153838
115000  0.0154895
116000  0.0156224
117000  0.015686
118000  0.0160772
119000  0.0156172
120000  0.0161819
121000  0.0171998
122000  0.0162947
123000  0.0167177
124000  0.0173231
125000  0.0169978
126000  0.0166645
127000  0.0176347
128000  0.0184549
129000  0.0176525
130000  0.0175016
131000  0.0195683
132000  0.0185297
133000  0.0178836
134000  0.0186756
135000  0.0185743
136000  0.0187466
137000  0.0189073
138000  0.0190178
139000  0.0194241
140000  0.0183721
141000  0.0194346
142000  0.0192231
143000  0.0204206
144000  0.0201262
145000  0.0196261
146000  0.0192809
147000  0.0201638
148000  0.0201915
149000  0.0205021
150000  0.0213308
151000  0.0232093
152000  0.020792
153000  0.0209491
154000  0.020746
155000  0.0212878
156000  0.0221309
157000  0.0215291
158000  0.0210341
159000  0.022215
160000  0.0220844
161000  0.0220456
162000  0.022588
163000  0.0219872
164000  0.0225262
165000  0.0236022
166000  0.023707
167000  0.0231252
168000  0.0232227
169000  0.0235039
170000  0.0242564
171000  0.0242518
172000  0.0241377
173000  0.0245143
174000  0.0236503
175000  0.0247845
176000  0.0246666
177000  0.0258199
178000  0.0247134
179000  0.025658
180000  0.0254476
181000  0.0261872
182000  0.0258298
183000  0.0276952
184000  0.0265027
185000  0.0283077
186000  0.0277341
187000  0.0263794
188000  0.0271155
189000  0.0286901
190000  0.0272127
191000  0.0262933
192000  0.0270353
193000  0.0283613
194000  0.0272754
195000  0.0272952
196000  0.0275087
197000  0.028332
198000  0.0289888
199000  0.0291981
200000  0.0280487