1000    0.0007161
2000    0.0024123
3000    0.0052096
4000    0.0144925
5000    0.0141991
6000    0.0216777
7000    0.0324861
8000    0.0497863
9000    0.0451995
10000   0.0602296
11000   0.0925433
12000   0.118998
13000   0.134286
14000   0.107475
15000   0.149729
16000   0.21202
17000   0.221113
18000   0.260627
19000   0.197199
20000   0.2896
21000   0.366808
22000   0.373679
23000   0.340155
24000   0.367039
25000   0.367499
26000   0.432348
27000   0.432588
28000   0.514359
29000   0.575066
30000   0.543126
31000   0.527194
32000   0.73311
33000   0.863316
34000   0.912591
35000   0.817466
36000   1.00811
37000   0.977608
38000   0.925056
39000   1.02726
40000   1.20927
41000   1.30323
42000   1.34658
43000   1.39226
44000   1.28203
45000   1.41162
46000   1.4123
47000   1.51744
48000   1.47977
49000   1.79145
50000   1.90044
51000   1.66453
52000   1.94602
53000   2.16437
54000   2.23807
55000   2.19903
56000   2.23657
57000   1.99092
58000   2.27686
59000   2.1756
60000   2.89108
61000   2.35306
62000   2.82669
63000   2.69433
64000   2.76599
65000   2.90788
66000   3.07651
67000   3.51124
68000   3.45188
69000   3.55814
70000   3.32235
71000   3.42748
72000   4.04221
73000   4.06471
74000   4.45822
75000   3.8732
76000   4.80976
77000   4.18501
78000   4.24368
79000   4.46522
80000   4.63172
81000   4.53796
82000   4.38125
83000   4.69428
84000   4.57376
85000   4.79378
86000   5.07957
87000   5.26992
88000   4.88097
89000   6.12809
90000   5.92163
91000   5.184
92000   5.68597
93000   5.332
94000   5.73916
95000   5.94748
96000   6.27369
97000   6.44657
98000   6.61219
99000   6.38146
100000  6.65499
101000  6.73623
102000  6.39416
103000  6.94183
104000  7.48364
105000  7.10333
106000  8.24152
107000  7.24318
108000  8.3758
109000  7.78634
110000  7.8753
111000  7.90856
112000  8.38091
113000  9.80657
114000  9.71812
115000  7.96426
116000  8.58795
117000  9.49196
118000  9.36491
119000  9.47706
120000  9.62593
121000  9.6414
122000  9.58854
123000  10.4911
124000  11.1801
125000  10.898
126000  10.1786
127000  10.4872
128000  10.8981
129000  10.189
130000  11.2419
131000  11.7618
132000  11.5232
133000  12.0743
134000  11.6359
135000  11.5772
136000  12.097
137000  13.4627
138000  12.9823
139000  12.4233
140000  12.461
141000  12.7289
142000  13.0417
143000  12.8862
144000  13.4751
145000  14.596
146000  14.4352
147000  16.3061
148000  16.4923
149000  15.8705
150000  15.6462
151000  16.0688
152000  15.972
153000  16.0748
154000  16.063
155000  16.0397
156000  15.6047
157000  15.7338
158000  16.9913
159000  17.2727
160000  16.1986
161000  17.4483
162000  17.116
163000  18.2302
164000  18.6125
165000  19.0871
166000  19.7434
167000  18.2027
168000  18.4071
169000  19.5566
170000  20.0782
171000  19.2118
172000  18.7443
173000  19.1705
174000  19.6395
175000  20.2294
176000  21.6429
177000  21.208
178000  22.6076
179000  23.2587
180000  23.0852
181000  23.1778
182000  23.8738
183000  24.0347
184000  23.2128
185000  22.2212
186000  23.827
187000  22.6474
188000  23.7206
189000  24.2578
190000  24.7835
191000  24.0042
192000  24.7403
193000  24.9422
194000  24.2586
195000  24.2398
196000  24.7535
197000  27.1873
198000  28.811
199000  29.3782
200000  30.3823